    299.80
    299.60
    299.40
    299.20
    299.00
    298.80
    298.60
    298.40
    298.20
    298.00
    297.80
    297.60
    297.40
    297.20
    297.00
    296.80
    296.60
    296.40
    296.20
    296.00
    295.80
    295.60
    295.40
    295.20
    295.00
    294.81
    294.61
    294.41
    294.21
    294.01
    293.81
    293.61
    293.41
    293.21
    293.01
    292.81
    292.61
    292.41
    292.21
    292.01
    291.81
    291.61
    291.41
    291.21
    291.01
    290.81
    290.61
    290.41
    290.21
    290.01
    289.81
    289.61
    289.41
    289.21
    289.01
    288.81
    288.61
    288.41
    288.21
    288.01
    287.81
    287.61
    287.41
    287.21
    287.01
    286.81
    286.61
    286.41
    286.21
    286.01
    285.81
    285.61
    285.41
    285.21
    285.01
    284.82
    284.62
    284.42
    284.22
    284.02
    283.82
    283.62
    283.42
    283.22
    283.02
    282.82
    282.62
    282.42
    282.22
    282.02
    281.82
    281.62
    281.42
    281.22
    281.02
    280.82
    280.62
    280.42
    280.22
    280.02
    279.82
    279.62
    279.42
    279.22
    279.02
    278.82
    278.62
    278.42
    278.22
    278.02
    277.82
    277.62
    277.42
    277.22
    277.02
    276.82
    276.62
    276.42
    276.22
    276.02
    275.82
    275.62
    275.42
    275.22
    275.02
    274.83
    274.63
    274.43
    274.23
    274.03
    273.83
    273.63
    273.43
    273.23
    273.03
    272.83
    272.63
    272.43
    272.23
    272.03
    271.83
    271.63
    271.43
    271.23
    271.03
    270.83
    270.63
    270.43
    270.23
    270.03
    269.83
    269.63
    269.43
    269.23
    269.03
    268.83
    268.63
    268.43
    268.23
    268.03
    267.83
    267.63
    267.43
    267.23
    267.03
    266.83
    266.63
    266.43
    266.23
    266.03
    265.83
    265.63
    265.43
    265.23
    265.03
    264.84
    264.64
    264.44
    264.24
    264.04
    263.84
    263.64
    263.44
    263.24
    263.04
    262.84
    262.64
    262.44
    262.24
    262.04
    261.84
    261.64
    261.44
    261.24
    261.04
    260.84
    260.64
    260.44
    260.24
    260.04
    259.84
    259.64
    259.44
    259.24
    259.04
    258.84
    258.64
    258.44
    258.24
    258.04
    257.84
    257.64
    257.44
    257.24
    257.04
    256.84
    256.64
    256.44
    256.24
    256.04
    255.84
    255.64
    255.44
    255.24
    255.04
    254.85
    254.65
    254.45
    254.25
    254.05
    253.85
    253.65
    253.45
    253.25
    253.05
    252.85
    252.65
    252.45
    252.25
    252.05
    251.85
    251.65
    251.45
    251.25
    251.05
    250.85
    250.65
    250.45
    250.25
    250.05
    249.85
    249.65
    249.45
    249.25
    249.05
    248.85
    248.65
    248.45
    248.25
    248.05
    247.85
    247.65
    247.45
    247.25
    247.05
    246.85
    246.65
    246.45
    246.25
    246.05
    245.85
    245.65
    245.45
    245.25
    245.05
    244.86
    244.66
    244.46
    244.26
    244.06
    243.86
    243.66
    243.46
    243.26
    243.06
    242.86
    242.66
    242.46
    242.26
    242.06
    241.86
    241.66
    241.46
    241.26
    241.06
    240.86
    240.66
    240.46
    240.26
    240.06
    239.86
    239.66
    239.46
    239.26
    239.06
    238.86
    238.66
    238.46
    238.26
    238.06
    237.86
    237.66
    237.46
    237.26
    237.06
    236.86
    236.66
    236.46
    236.26
    236.06
    235.86
    235.66
    235.46
    235.26
    235.06
    234.87
    234.67
    234.47
    234.27
    234.07
    233.87
    233.67
    233.47
    233.27
    233.07
    232.87
    232.67
    232.47
    232.27
    232.07
    231.87
    231.67
    231.47
    231.27
    231.07
    230.87
    230.67
    230.47
    230.27
    230.07
    229.87
    229.67
    229.47
    229.27
    229.07
    228.87
    228.67
    228.47
    228.27
    228.07
    227.87
    227.67
    227.47
    227.27
    227.07
    226.87
    226.67
    226.47
    226.27
    226.07
    225.87
    225.67
    225.47
    225.27
    225.07
    224.88
    224.68
    224.48
    224.28
    224.08
    223.88
    223.68
    223.48
    223.28
    223.08
    222.88
    222.68
    222.48
    222.28
    222.08
    221.88
    221.68
    221.48
    221.28
    221.08
    220.88
    220.68
    220.48
    220.28
    220.08
    219.88
    219.68
    219.48
    219.28
    219.08
    218.88
    218.68
    218.48
    218.28
    218.08
    217.88
    217.68
    217.48
    217.28
    217.08
    216.88
    216.68
    216.48
    216.28
    216.08
    215.88
    215.68
    215.48
    215.28
    215.08
    214.89
    214.69
    214.49
    214.29
    214.09
    213.89
    213.69
    213.49
    213.29
    213.09
    212.89
    212.69
    212.49
    212.29
    212.09
    211.89
    211.69
    211.49
    211.29
    211.09
    210.89
    210.69
    210.49
    210.29
    210.09
    209.89
    209.69
    209.49
    209.29
    209.09
    208.89
    208.69
    208.49
    208.29
    208.09
    207.89
    207.69
    207.49
    207.29
    207.09
    206.89
    206.69
    206.49
    206.29
    206.09
    205.89
    205.69
    205.49
    205.29
    205.09
    204.90
    204.70
    204.50
    204.30
    204.10
    203.90
    203.70
    203.50
    203.30
    203.10
    202.90
    202.70
    202.50
    202.30
    202.10
    201.90
    201.70
    201.50
    201.30
    201.10
    200.90
    200.70
    200.50
    200.30
    200.10
    199.90
    199.70
    199.50
    199.30
    199.10
    198.90
    198.70
    198.50
    198.30
    198.10
    197.90
    197.70
    197.50
    197.30
    197.10
    196.90
    196.70
    196.50
    196.30
    196.10
    195.90
    195.70
    195.50
    195.30
    195.10
    194.91
    194.71
    194.51
    194.31
    194.11
    193.91
    193.71
    193.51
    193.31
    193.11
    192.91
    192.71
    192.51
    192.31
    192.11
    191.91
    191.71
    191.51
    191.31
    191.11
    190.91
    190.71
    190.51
    190.31
    190.11
    189.91
    189.71
    189.51
    189.31
    189.11
    188.91
    188.71
    188.51
    188.31
    188.11
    187.91
    187.71
    187.51
    187.31
    187.11
    186.91
    186.71
    186.51
    186.31
    186.11
    185.91
    185.71
    185.51
    185.31
    185.11
    184.92
    184.72
    184.52
    184.32
    184.12
    183.92
    183.72
    183.52
    183.32
    183.12
    182.92
    182.72
    182.52
    182.32
    182.12
    181.92
    181.72
    181.52
    181.32
    181.12
    180.92
    180.72
    180.52
    180.32
    180.12
    179.92
    179.72
    179.52
    179.32
    179.12
    178.92
    178.72
    178.52
    178.32
    178.12
    177.92
    177.72
    177.52
    177.32
    177.12
    176.92
    176.72
    176.52
    176.32
    176.12
    175.92
    175.72
    175.52
    175.32
    175.12
    174.93
    174.73
    174.53
    174.33
    174.13
    173.93
    173.73
    173.53
    173.33
    173.13
    172.93
    172.73
    172.53
    172.33
    172.13
    171.93
    171.73
    171.53
    171.33
    171.13
    170.93
    170.73
    170.53
    170.33
    170.13
    169.93
    169.73
    169.53
    169.33
    169.13
    168.93
    168.73
    168.53
    168.33
    168.13
    167.93
    167.73
    167.53
    167.33
    167.13
    166.93
    166.73
    166.53
    166.33
    166.13
    165.93
    165.73
    165.53
    165.33
    165.13
    164.94
    164.74
    164.54
    164.34
    164.14
    163.94
    163.74
    163.54
    163.34
    163.14
    162.94
    162.74
    162.54
    162.34
    162.14
    161.94
    161.74
    161.54
    161.34
    161.14
    160.94
    160.74
    160.54
    160.34
    160.14
    159.94
    159.74
    159.54
    159.34
    159.14
    158.94
    158.74
    158.54
    158.34
    158.14
    157.94
    157.74
    157.54
    157.34
    157.14
    156.94
    156.74
    156.54
    156.34
    156.14
    155.94
    155.74
    155.54
    155.34
    155.14
    154.95
    154.75
    154.55
    154.35
    154.15
    153.95
    153.75
    153.55
    153.35
    153.15
    152.95
    152.75
    152.55
    152.35
    152.15
    151.95
    151.75
    151.55
    151.35
    151.15
    150.95
    150.75
    150.55
    150.35
    150.15
    149.95
    149.75
    149.55
    149.35
    149.15
    148.95
    148.75
    148.55
    148.35
    148.15
    147.95
    147.75
    147.55
    147.35
    147.15
    146.95
    146.75
    146.55
    146.35
    146.15
    145.95
    145.75
    145.55
    145.35
    145.15
    144.96
    144.76
    144.56
    144.36
    144.16
    143.96
    143.76
    143.56
    143.36
    143.16
    142.96
    142.76
    142.56
    142.36
    142.16
    141.96
    141.76
    141.56
    141.36
    141.16
    140.96
    140.76
    140.56
    140.36
    140.16
    139.96
    139.76
    139.56
    139.36
    139.16
    138.96
    138.76
    138.56
    138.36
    138.16
    137.96
    137.76
    137.56
    137.36
    137.16
    136.96
    136.76
    136.56
    136.36
    136.16
    135.96
    135.76
    135.56
    135.36
    135.16
    134.97
    134.77
    134.57
    134.37
    134.17
    133.97
    133.77
    133.57
    133.37
    133.17
    132.97
    132.77
    132.57
    132.37
    132.17
    131.97
    131.77
    131.57
    131.37
    131.17
    130.97
    130.77
    130.57
    130.37
    130.17
    129.97
    129.77
    129.57
    129.37
    129.17
    128.97
    128.77
    128.57
    128.37
    128.17
    127.97
    127.77
    127.57
    127.37
    127.17
    126.97
    126.77
    126.57
    126.37
    126.17
    125.97
    125.77
    125.57
    125.37
    125.17
    124.98
    124.78
    124.58
    124.38
    124.18
    123.98
    123.78
    123.58
    123.38
    123.18
    122.98
    122.78
    122.58
    122.38
    122.18
    121.98
    121.78
    121.58
    121.38
    121.18
    120.98
    120.78
    120.58
    120.38
    120.18
    119.98
    119.78
    119.58
    119.38
    119.18
    118.98
    118.78
    118.58
    118.38
    118.18
    117.98
    117.78
    117.58
    117.38
    117.18
    116.98
    116.78
    116.58
    116.38
    116.18
    115.98
    115.78
    115.58
    115.38
    115.18
    114.99
    114.79
    114.59
    114.39
    114.19
    113.99
    113.79
    113.59
    113.39
    113.19
    112.99
    112.79
    112.59
    112.39
    112.19
    111.99
    111.79
    111.59
    111.39
    111.19
    110.99
    110.79
    110.59
    110.39
    110.19
    109.99
    109.79
    109.59
    109.39
    109.19
    108.99
    108.79
    108.59
    108.39
    108.19
    107.99
    107.79
    107.59
    107.39
    107.19
    106.99
    106.79
    106.59
    106.39
    106.19
    105.99
    105.79
    105.59
    105.39
    105.19
    105.00
    104.80
    104.60
    104.40
    104.20
    104.00
    103.80
    103.60
    103.40
    103.20
    103.00
    102.80
    102.60
    102.40
    102.20
    102.00
    101.80
    101.60
    101.40
    101.20
    101.00
    100.80
    100.60
    100.40
    100.20
