    299.80
    299.60
    299.40
    299.20
    299.00
    298.80
    298.60
    298.40
    298.20
    298.00
    297.80
    297.60
    297.40
    297.20
    297.00
    296.80
    296.60
    296.40
    296.20
    296.00
    295.80
    295.60
    295.40
    295.20
    295.00
    294.80
    294.60
    294.40
    294.20
    294.00
    293.80
    293.61
    293.41
    293.21
    293.01
    292.81
    292.61
    292.41
    292.21
    292.01
    291.81
    291.61
    291.41
    291.21
    291.01
    290.81
    290.61
    290.41
    290.21
    290.01
    289.81
    289.61
    289.41
    289.21
    289.01
    288.81
    288.61
    288.41
    288.21
    288.01
    287.81
    287.61
    287.41
    287.21
    287.01
    286.81
    286.61
    286.41
    286.21
    286.01
    285.81
    285.61
    285.41
    285.21
    285.01
    284.81
    284.61
    284.41
    284.21
    284.01
    283.81
    283.61
    283.41
    283.21
    283.01
    282.81
    282.61
    282.41
    282.21
    282.01
    281.81
    281.61
    281.41
    281.21
    281.02
    280.82
    280.62
    280.42
    280.22
    280.02
    279.82
    279.62
    279.42
    279.22
    279.02
    278.82
    278.62
    278.42
    278.22
    278.02
    277.82
    277.62
    277.42
    277.22
    277.02
    276.82
    276.62
    276.42
    276.22
    276.02
    275.82
    275.62
    275.42
    275.22
    275.02
    274.82
    274.62
    274.42
    274.22
    274.02
    273.82
    273.62
    273.42
    273.22
    273.02
    272.82
    272.62
    272.42
    272.22
    272.02
    271.82
    271.62
    271.42
    271.22
    271.02
    270.82
    270.62
    270.42
    270.22
    270.02
    269.82
    269.62
    269.42
    269.22
    269.02
    268.82
    268.63
    268.43
    268.23
    268.03
    267.83
    267.63
    267.43
    267.23
    267.03
    266.83
    266.63
    266.43
    266.23
    266.03
    265.83
    265.63
    265.43
    265.23
    265.03
    264.83
    264.63
    264.43
    264.23
    264.03
    263.83
    263.63
    263.43
    263.23
    263.03
    262.83
    262.63
    262.43
    262.23
    262.03
    261.83
    261.63
    261.43
    261.23
    261.03
    260.83
    260.63
    260.43
    260.23
    260.03
    259.83
    259.63
    259.43
    259.23
    259.03
    258.83
    258.63
    258.43
    258.23
    258.03
    257.83
    257.63
    257.43
    257.23
    257.03
    256.83
    256.63
    256.44
    256.24
    256.04
    255.84
    255.64
    255.44
    255.24
    255.04
    254.84
    254.64
    254.44
    254.24
    254.04
    253.84
    253.64
    253.44
    253.24
    253.04
    252.84
    252.64
    252.44
    252.24
    252.04
    251.84
    251.64
    251.44
    251.24
    251.04
    250.84
    250.64
    250.44
    250.24
    250.04
    249.84
    249.64
    249.44
    249.24
    249.04
    248.84
    248.64
    248.44
    248.24
    248.04
    247.84
    247.64
    247.44
    247.24
    247.04
    246.84
    246.64
    246.44
    246.24
    246.04
    245.84
    245.64
    245.44
    245.24
    245.04
    244.84
    244.65
    244.45
    244.25
    244.05
    243.85
    243.65
    243.45
    243.25
    243.05
    242.85
    242.65
    242.45
    242.25
    242.05
    241.85
    241.65
    241.45
    241.25
    241.05
    240.85
    240.65
    240.45
    240.25
    240.05
    239.85
    239.65
    239.45
    239.25
    239.05
    238.85
    238.65
    238.45
    238.25
    238.05
    237.85
    237.65
    237.45
    237.25
    237.05
    236.85
    236.65
    236.45
    236.25
    236.05
    235.85
    235.65
    235.45
    235.25
    235.05
    234.85
    234.65
    234.45
    234.25
    234.05
    233.85
    233.65
    233.45
    233.26
    233.06
    232.86
    232.66
    232.46
    232.26
    232.06
    231.86
    231.66
    231.46
    231.26
    231.06
    230.86
    230.66
    230.46
    230.26
    230.06
    229.86
    229.66
    229.46
    229.26
    229.06
    228.86
    228.66
    228.46
    228.26
    228.06
    227.86
    227.66
    227.46
    227.26
    227.06
    226.86
    226.66
    226.46
    226.26
    226.06
    225.86
    225.66
    225.46
    225.26
    225.06
    224.86
    224.66
    224.46
    224.26
    224.06
    223.86
    223.66
    223.46
    223.26
    223.06
    222.86
    222.66
    222.46
    222.27
    222.07
    221.87
    221.67
    221.47
    221.27
    221.07
    220.87
    220.67
    220.47
    220.27
    220.07
    219.87
    219.67
    219.47
    219.27
    219.07
    218.87
    218.67
    218.47
    218.27
    218.07
    217.87
    217.67
    217.47
    217.27
    217.07
    216.87
    216.67
    216.47
    216.27
    216.07
    215.87
    215.67
    215.47
    215.27
    215.07
    214.87
    214.67
    214.47
    214.27
    214.07
    213.87
    213.67
    213.47
    213.27
    213.07
    212.87
    212.67
    212.47
    212.27
    212.07
    211.87
    211.68
    211.48
    211.28
    211.08
    210.88
    210.68
    210.48
    210.28
    210.08
    209.88
    209.68
    209.48
    209.28
    209.08
    208.88
    208.68
    208.48
    208.28
    208.08
    207.88
    207.68
    207.48
    207.28
    207.08
    206.88
    206.68
    206.48
    206.28
    206.08
    205.88
    205.68
    205.48
    205.28
    205.08
    204.88
    204.68
    204.48
    204.28
    204.08
    203.88
    203.68
    203.48
    203.28
    203.08
    202.88
    202.68
    202.48
    202.28
    202.08
    201.88
    201.68
    201.49
    201.29
    201.09
    200.89
    200.69
    200.49
    200.29
    200.09
    199.89
    199.69
    199.49
    199.29
    199.09
    198.89
    198.69
    198.49
    198.29
    198.09
    197.89
    197.69
    197.49
    197.29
    197.09
    196.89
    196.69
    196.49
    196.29
    196.09
    195.89
    195.69
    195.49
    195.29
    195.09
    194.89
    194.69
    194.49
    194.29
    194.09
    193.89
    193.69
    193.49
    193.29
    193.09
    192.89
    192.69
    192.49
    192.29
    192.09
    191.89
    191.69
    191.50
    191.30
    191.10
    190.90
    190.70
    190.50
    190.30
    190.10
    189.90
    189.70
    189.50
    189.30
    189.10
    188.90
    188.70
    188.50
    188.30
    188.10
    187.90
    187.70
    187.50
    187.30
    187.10
    186.90
    186.70
    186.50
    186.30
    186.10
    185.90
    185.70
    185.50
    185.30
    185.10
    184.90
    184.70
    184.50
    184.30
    184.10
    183.90
    183.70
    183.50
    183.30
    183.10
    182.90
    182.70
    182.50
    182.30
    182.10
    181.91
    181.71
    181.51
    181.31
    181.11
    180.91
    180.71
    180.51
    180.31
    180.11
    179.91
    179.71
    179.51
    179.31
    179.11
    178.91
    178.71
    178.51
    178.31
    178.11
    177.91
    177.71
    177.51
    177.31
    177.11
    176.91
    176.71
    176.51
    176.31
    176.11
    175.91
    175.71
    175.51
    175.31
    175.11
    174.91
    174.71
    174.51
    174.31
    174.11
    173.91
    173.71
    173.51
    173.31
    173.11
    172.91
    172.72
    172.52
    172.32
    172.12
    171.92
    171.72
    171.52
    171.32
    171.12
    170.92
    170.72
    170.52
    170.32
    170.12
    169.92
    169.72
    169.52
    169.32
    169.12
    168.92
    168.72
    168.52
    168.32
    168.12
    167.92
    167.72
    167.52
    167.32
    167.12
    166.92
    166.72
    166.52
    166.32
    166.12
    165.92
    165.72
    165.52
    165.32
    165.12
    164.92
    164.72
    164.52
    164.32
    164.12
    163.92
    163.72
    163.53
    163.33
    163.13
    162.93
    162.73
    162.53
    162.33
    162.13
    161.93
    161.73
    161.53
    161.33
    161.13
    160.93
    160.73
    160.53
    160.33
    160.13
    159.93
    159.73
    159.53
    159.33
    159.13
    158.93
    158.73
    158.53
    158.33
    158.13
    157.93
    157.73
    157.53
    157.33
    157.13
    156.93
    156.73
    156.53
    156.33
    156.13
    155.93
    155.73
    155.53
    155.33
    155.13
    154.93
    154.74
    154.54
    154.34
    154.14
    153.94
    153.74
    153.54
    153.34
    153.14
    152.94
    152.74
    152.54
    152.34
    152.14
    151.94
    151.74
    151.54
    151.34
    151.14
    150.94
    150.74
    150.54
    150.34
    150.14
    149.94
    149.74
    149.54
    149.34
    149.14
    148.94
    148.74
    148.54
    148.34
    148.14
    147.94
    147.74
    147.54
    147.34
    147.14
    146.94
    146.74
    146.54
    146.34
    146.14
    145.95
    145.75
    145.55
    145.35
    145.15
    144.95
    144.75
    144.55
    144.35
    144.15
    143.95
    143.75
    143.55
    143.35
    143.15
    142.95
    142.75
    142.55
    142.35
    142.15
    141.95
    141.75
    141.55
    141.35
    141.15
    140.95
    140.75
    140.55
    140.35
    140.15
    139.95
    139.75
    139.55
    139.35
    139.15
    138.95
    138.75
    138.55
    138.35
    138.15
    137.95
    137.75
    137.55
    137.36
    137.16
    136.96
    136.76
    136.56
    136.36
    136.16
    135.96
    135.76
    135.56
    135.36
    135.16
    134.96
    134.76
    134.56
    134.36
    134.16
    133.96
    133.76
    133.56
    133.36
    133.16
    132.96
    132.76
    132.56
    132.36
    132.16
    131.96
    131.76
    131.56
    131.36
    131.16
    130.96
    130.76
    130.56
    130.36
    130.16
    129.96
    129.76
    129.56
    129.36
    129.16
    128.97
    128.77
    128.57
    128.37
    128.17
    127.97
    127.77
    127.57
    127.37
    127.17
    126.97
    126.77
    126.57
    126.37
    126.17
    125.97
    125.77
    125.57
    125.37
    125.17
    124.97
    124.77
    124.57
    124.37
    124.17
    123.97
    123.77
    123.57
    123.37
    123.17
    122.97
    122.77
    122.57
    122.37
    122.17
    121.97
    121.77
    121.57
    121.37
    121.17
    120.97
    120.77
    120.58
    120.38
    120.18
    119.98
    119.78
    119.58
    119.38
    119.18
    118.98
    118.78
    118.58
    118.38
    118.18
    117.98
    117.78
    117.58
    117.38
    117.18
    116.98
    116.78
    116.58
    116.38
    116.18
    115.98
    115.78
    115.58
    115.38
    115.18
    114.98
    114.78
    114.58
    114.38
    114.18
    113.98
    113.78
    113.58
    113.38
    113.18
    112.98
    112.78
    112.58
    112.39
    112.19
    111.99
    111.79
    111.59
    111.39
    111.19
    110.99
    110.79
    110.59
    110.39
    110.19
    109.99
    109.79
    109.59
    109.39
    109.19
    108.99
    108.79
    108.59
    108.39
    108.19
    107.99
    107.79
    107.59
    107.39
    107.19
    106.99
    106.79
    106.59
    106.39
    106.19
    105.99
    105.79
    105.59
    105.39
    105.19
    104.99
    104.79
    104.59
    104.39
    104.19
    104.00
    103.80
    103.60
    103.40
    103.20
    103.00
    102.80
    102.60
    102.40
    102.20
    102.00
    101.80
    101.60
    101.40
    101.20
    101.00
    100.80
    100.60
    100.40
    100.20
