   293.1604614
   283.1626892
   275.4636536
   269.0941772
   263.6010132
   258.7231750
   254.2874908
   250.1671448
   246.2619171
   242.4875946
   238.7696075
   235.0388947
   231.2290192
   227.2740021
   223.1065674
   218.6566162
   213.8497925
   208.6060486
   202.8382111
   196.4503784
   189.3361511
   181.3766785
   172.4383850
   162.3703613
   151.0014038
   138.1371307
   123.5583344
   107.0259705
    88.3140793
    67.3641815
   354.5733643
   343.4290161
   334.2897644
   326.5545654
   319.8185730
   313.8078613
   308.3267212
   303.2263794
   298.3869324
   293.7063293
   289.0933838
   284.4631958
   279.7338562
   274.8237000
   269.6494751
   264.1242065
   258.1557007
   251.6446075
   244.4827728
   236.5511780
   227.7178040
   217.8352509
   206.7378387
   194.2384033
   180.1244202
   164.1536865
   146.0497131
   125.4972229
   102.1365967
    75.5373688
   407.0249634
   395.4402161
   385.4618835
   376.7656860
   369.0609131
   362.1130371
   355.7351074
   349.7746887
   344.1031189
   338.6073914
   333.1843567
   327.7366943
   322.1694641
   316.3875122
   310.2933655
   303.7850647
   296.7541504
   289.0839233
   280.6470947
   271.3037415
   260.8986511
   249.2586670
   236.1893463
   221.4710083
   204.8541718
   186.0534668
   164.7395935
   140.5266113
   112.9477158
    81.3987045
   451.3960571
   439.5950317
   429.1018066
   419.7354126
   411.2963562
   403.5982361
   396.4759521
   389.7842102
   383.3935242
   377.1856995
   371.0499878
   364.8797913
   358.5697632
   352.0135498
   345.1014709
   337.7184753
   329.7419739
   321.0398254
   311.4679871
   300.8679810
   289.0643616
   275.8614502
   261.0398254
   244.3521271
   225.5177917
   204.2164154
   180.0785675
   152.6719360
   121.4789581
    85.8597183
   488.1192017
   476.1920471
   465.3649292
   455.5277710
   446.5408325
   438.2576599
   430.5362244
   423.2426453
   416.2510071
   409.4418945
   402.7001648
   395.9126892
   388.9662476
   381.7454224
   374.1304932
   365.9953613
   357.2054443
   347.6154785
   337.0669861
   325.3858948
   312.3793945
   297.8329468
   281.5064087
   263.1298828
   242.3984375
   218.9658356
   192.4363251
   162.3536224
   128.1864471
    89.3112335
   517.4467163
   505.4389954
   494.3880615
   484.2199402
   474.8315430
   466.1053162
   457.9187012
   450.1491394
   442.6760254
   435.3807678
   428.1460571
   420.8545227
   413.3871155
   405.6214294
   397.4297180
   388.6770325
   379.2189941
   368.8995972
   357.5486450
   344.9791565
   330.9843750
   315.3345032
   297.7730103
   278.0125427
   255.7302246
   230.5621948
   202.0972595
   169.8697662
   133.3519745
    91.9487534
   539.5396118
   527.4791870
   516.2783813
   505.8823853
   496.2101135
   487.1633606
   478.6340942
   470.5091858
   462.6731567
   455.0090637
   447.3987732
   439.7221985
   431.8562927
   423.6734314
   415.0399170
   405.8140564
   395.8439026
   384.9652405
   372.9988098
   359.7477112
   344.9944763
   328.4977112
   309.9885864
   289.1670837
   265.6977234
   239.2054291
   209.2707825
   175.4261932
   137.1529388
    93.8818054
   554.5032349
   542.4097900
   531.1138916
   520.5711670
   510.7131348
   501.4538879
   492.6950989
   484.3304138
   476.2483215
   468.3335266
   460.4677429
   452.5292664
   444.3923950
   435.9260559
   426.9925232
   417.4453125
   407.1273804
   395.8686523
   383.4836121
   369.7684326
   354.4981079
   337.4232483
   318.2665405
   296.7194214
   272.4382324
   245.0409851
   214.1042633
   179.1612549
   139.7017975
    95.1755295
   562.4038086
   550.2928467
   538.9463501
   528.3250732
   518.3674316
   508.9939880
   500.1119690
   491.6190491
   483.4061279
   475.3590393
   467.3594360
   459.2847595
   451.0079041
   442.3959351
   433.3087463
   423.5973206
   413.1016235
   401.6484070
   389.0485229
   375.0942688
   359.5563049
   342.1806030
   322.6849670
   300.7557983
   276.0447693
   248.1660156
   216.6940002
   181.1627960
   141.0674744
    95.8685226
   563.2763062
   551.1613159
   539.8035889
   529.1654053
   519.1875610
   509.7926331
   500.8897400
   492.3777161
   484.1481323
   476.0870972
   468.0761108
   459.9924622
   451.7085571
   443.0910339
   433.9992065
   424.2835693
   413.7834473
   402.3248291
   389.7178345
   375.7537842
   360.2022705
   342.8078918
   323.2869263
   301.3240051
   276.5690308
   248.6343231
   217.0929565
   181.4784546
   141.2867737
    95.9810791
   557.1287231
   545.0226440
   533.6911621
   523.0955200
   513.1746216
   503.8492737
   495.0266113
   486.6039429
   478.4716187
   470.5150452
   462.6154785
   454.6504211
   446.4928589
   438.0103760
   429.0635376
   419.5043030
   409.1737061
   397.8996277
   385.4942017
   371.7507935
   356.4411011
   339.3117371
   320.0807800
   298.4343262
   274.0230408
   246.4592896
   215.3150177
   180.1213074
   140.3700714
    95.5190125
   543.9432373
   531.8593750
   520.5929565
   510.1008911
   500.3161621
   491.1532288
   482.5135498
   474.2898254
   466.3693848
   458.6359253
   450.9703674
   443.2508850
   435.3521118
   427.1440125
   418.4902954
   409.2463684
   399.2574158
   388.3558350
   376.3585205
   363.0640869
   348.2496338
   331.6671753
   313.0401611
   292.0594482
   268.3795166
   241.6147461
   211.3365326
   177.0716705
   138.3032227
    94.4748917
   523.6754150
   511.6287231
   500.4704285
   490.1489563
   480.5858459
   471.6839294
   463.3344421
   455.4224548
   447.8302002
   440.4389038
   433.1291809
   425.7806091
   418.2706604
   410.4733276
   402.2572021
   393.4834900
   384.0038147
   373.6577148
   362.2699585
   349.6474304
   335.5761108
   319.8171997
   302.1032410
   282.1338196
   259.5708313
   234.0336609
   205.0946808
   172.2756195
   135.0462494
    92.8273315
   496.2510986
   484.2596130
   473.2610779
   463.1885986
   453.9443359
   445.4122009
   437.4678955
   429.9853210
   422.8400574
   415.9103088
   409.0768433
   402.2216797
   395.2266541
   387.9714661
   380.3316956
   372.1765442
   363.3666382
   353.7513123
   343.1661072
   331.4296265
   318.3402100
   303.6722412
   287.1717834
   268.5517883
   247.4863129
   223.6043854
   196.4829254
   165.6398773
   130.5287933
    90.5381927
   461.5597229
   449.6475220
   438.8756714
   429.1500549
   420.3407288
   412.3026733
   404.8895874
   397.9609375
   391.3843689
   385.0354614
   378.7961731
   372.5526123
   366.1927795
   359.6041565
   352.6715393
   345.2744141
   337.2848206
   328.5647888
   318.9635315
   308.3146973
   296.4328308
   283.1097412
   268.1099243
   251.1651764
   231.9682465
   210.1646423
   185.3427734
   157.0221558
   124.6408844
    87.5466461
   419.4427185
   407.6451416
   397.1940002
   387.9452209
   379.7158203
   372.3181458
   365.5768127
   359.3344116
   353.4509888
   347.8010254
   342.2698059
   336.7498169
   331.1376343
   325.3309326
   319.2258606
   312.7147217
   305.6835022
   298.0094604
   289.5585938
   280.1828003
   269.7167358
   257.9740295
   244.7429199
   229.7807617
   212.8068695
   193.4931793
   171.4513855
   146.2150574
   117.2159500
    83.7574997
   369.6708984
   358.0462646
   348.0600281
   339.4709778
   332.0092468
   325.4272766
   319.5151062
   314.0989685
   309.0341797
   304.1978455
   299.4821472
   294.7892456
   290.0270691
   285.1060181
   279.9362488
   274.4251099
   268.4749756
   261.9809570
   254.8285522
   246.8911896
   238.0272369
   228.0766602
   216.8569946
   204.1580811
   189.7352600
   173.2998199
   154.5045319
   132.9207306
   108.0003662
    79.0174026
   311.8983154
   300.5590210
   291.2788086
   283.6194458
   277.1728821
   271.6165771
   266.7074280
   262.2621155
   258.1389465
   254.2240143
   250.4217224
   246.6479340
   242.8253326
   238.8798676
   234.7380066
   230.3244934
   225.5603333
   220.3608093
   214.6334991
   208.2761841
   201.1743469
   193.1984100
   184.2003326
   174.0093079
   162.4263000
   149.2162781
   134.0961914
   116.7129745
    96.5973740
    73.0617371
   245.5543976
   234.7626190
   226.6268311
   220.3050385
   215.1963196
   210.9087524
   207.1858521
   203.8531342
   200.7854309
   197.8875732
   195.0827789
   192.3054504
   189.4964905
   186.6000977
   183.5614014
   180.3245392
   176.8310699
   173.0184479
   168.8184662
   164.1556854
   158.9455414
   153.0923004
   146.4865875
   139.0025177
   130.4943542
   120.7928162
   109.7009811
    96.9876022
    82.3644333
    65.3821564
   169.5440521
   160.0602264
   153.9108429
   149.5275574
   146.1485748
   143.3862610
   141.0241089
   138.9291382
   137.0120850
   135.2080688
   133.4663696
   131.7445831
   130.0050659
   128.2126465
   126.3329697
   124.3311920
   122.1709671
   119.8134384
   117.2162476
   114.3325500
   111.1098328
   107.4886627
   103.4012222
    98.7698288
    93.5057602
    87.5096436
    80.6773224
    72.9220200
    64.2405930
    54.8524666
    81.2513199
    75.7734070
    73.1787796
    71.4957428
    70.2341995
    69.2135925
    68.3452072
    67.5772247
    66.8756866
    66.2162476
    65.5800552
    64.9514313
    64.3165359
    63.6624603
    62.9766235
    62.2462921
    61.4581757
    60.5980759
    59.6505318
    58.5984306
    57.4225845
    56.1012955
    54.6098099
    52.9198227
    50.9992027
    48.8126869
    46.3266525
    43.5325508
    40.5734482
    38.5371170
