   292.5546570   275.1624146   263.3245544   254.0557709   246.0741119   238.6200104   231.1132507   223.0230408   213.8002625   202.8283539   189.3762054   172.5446625   151.2012024   123.9102707    88.9488602    45.0000000
   406.2242432   384.9664612   368.7023010   355.4401245   343.8473816   332.9563293   321.9616089   310.1008301   296.5749817   280.4826660   260.7540283   236.0729370   204.7755585   164.7006378   112.9170074    45.0000000
   487.4093628   464.7768555   446.0780334   430.1549988   415.9190063   402.3963318   388.6760254   373.8437500   356.9161072   336.7733154   312.0842896   281.2174683   242.1274567   192.1997375   128.0185394    45.0000000
   538.8594971   515.6535645   495.6780396   478.1827698   462.2773438   447.0339661   431.5023804   414.6819763   395.4724121   372.6101685   344.5922852   309.5852661   265.3170776   208.9522705   136.9574127    45.0000000
   561.7214966   538.2998657   517.7977905   499.6207886   482.9735718   466.9597473   450.6176147   432.9094238   412.6813354   388.6026611   359.0895081   322.2141418   275.6033325   216.3348694   140.8588409    45.0000000
   556.4266968   533.0266113   512.5924072   494.5289917   478.0364075   462.2139282   446.0988159   428.6567993   408.7408752   385.0296326   355.9489136   319.5785522   273.5471802   214.9250641   140.1430817    45.0000000
   522.9321899   499.7875366   480.0161743   462.8663940   447.4291992   432.7606506   417.9069824   401.8780518   383.5957031   361.8260803   335.0979309   301.6039429   259.0817871   204.6750946   134.7884521    45.0000000
   460.7268677   438.1751404   419.8183594   404.4912415   391.0532837   378.4925537   365.8903809   352.3527832   336.9378052   318.5810242   296.0128174   267.6574707   231.5009918   184.9050598   124.3356094    45.0000000
   368.6250305   347.3678589   331.5908203   319.2269592   308.8001099   299.2658691   289.8092651   279.7048645   268.2216492   254.5474701   237.7148132   216.5121002   189.3596802   154.1085205   107.6489334    45.0000000
   244.0375671   226.0804443   214.9500885   207.0256805   200.6543274   194.9615326   189.3759155   183.4357910   176.6964874   168.6723633   158.7868652   146.3164825   130.3170624   109.5204239    82.1516037    45.0000000
    80.3643265    72.9662399    70.1034317    68.2713470    66.8300018    65.5500107    64.2970657    62.9658890    61.4561310    59.6586075    57.4438362    54.6498604    51.0716820    46.5045090    41.4370651    45.0000000
